543
1466
4155
7495
3083
6898
6547
1006
8142
4327
5543
2817
3573
8593
8060
8534
5847
9485
2106
3008
8375
4289
5958
607
4276
3094
7286
7788
412
9375
1085
6395
1045
5729
6079
2772
4706
912
9846
8340
8313
8676
6095
976
6129
3836
1039
7297
7925
12
7387
6369
5331
8504
1671
7450
8610
7431
1775
7147
3153
2819
3586
9232
5632
3677
3147
1109
6631
8355
4843
2182
989
6983
8798
6189
5393
730
9418
4131
4566
1248
5565
6721
8650
578
993
720
4713
2304
9481
9536
2228
4358
7562
4405
2573
4482
3212
9988
9124
3823
5611
8239
7708
1523
2859
8066
4396
3125
1200
4096
4674
2864
734
9213
5890
8137
7409
632
9784
5700
188
4145
8509
404
9974
2980
749
699
3583
72
5457
9771
8181
5330
8685
9596
7338
9255
4039
2113
3759
2167
5813
5934
452
7533
9619
5768
4481
6499
3290
2771
7413
9248
8444
7467
7731
2091
6115
913
4979
4956
3233
8026
4434
8021
1867
5370
9306
8988
1239
8169
5903
1428
6626
3237
7531
3636
5974
9103
9309
84
5421
395
2267
2234
7042
3011
8890
1393
9316
213
1731
5725
8222
9659
1117
6389
9413
7115
5500
2317
8090
9919
4403
9136
6159
1364
9249
7820
9112
5305
4485
6045
6439
8857
8410
2057
4185
6103
8578
9813
4338
3917
6861
9486
2189
5837
2594
7829
1982
6629
5523
8633
4121
2513
1319
3034
1854
9215
7947
9833
9984
6828
5981
2419
6224
4729
2518
5094
91
6319
8939
1277
4016
4609
8629
4347
2709
2291
9148
4578
5849
2964
2248
8507
8572
8673
7582
4346
7875
4509
8684
2472
648
8229
450
724
3848
2176
5545
1718
3406
5312
5286
7001
2520
6672
8703
6845
5840
7595
8989
8182
6062
1108
1257
6894
7637
1029
1067
1557
8946
3683
6969
6104
8007
7966
4968
8494
6302
111
7802
8604
7919
3111
3773
1027
8194
1742
8130
1032
6353
7770
7711
1594
8224
7673
7201
3242
9477
5114
1421
1407
6637
4696
8052
2390
5696
6441
422
1165
4936
6780
4620
1510
196
8314
6119
8728
4858
3756
2557
5955
875
563
5659
1294
8185
1441
8821
5450
4449
2042
6963
8006
5234
1929
9701
2190
6312
2870
7146
1377
9220
4821
7418
2744
3821
546
7838
668
4988
9803
3745
4379
2981
8995
2891
9198
5358
7326
3166
2620
7605
203
3254
3035
1221
332
1076
1600
3653
1422
1691
2247
8086
7331
7849
5978
9502
151
513
3711
9953
415
5211
6851
5333
5517
4757
7063
7333
9022
1480
1922
3922
7097
8626
3066
7509
8283
8567
2961
1192
8788
3974
6121
8210
8543
208
8032
2939
3407
3758
9828
6145
9906
7471
6090
9490
5146
2803
655
5365
531
2689
410
5551
4906
7693
6956
7667
444
2816
2706
7346
2215
6157
4326
6673
5874
1653
1380
170
9297
674
8817
3498
6254
2334
555
1302
2008
3675
6039
9582
493
3434
4076
5134
4787
4297
9051
3437
8096
4176
6677
2904
5405
7903
8336
1750
1696
2527
1620
8987
4184
1172
4803
8692
5593
6332
1624
3039
3324
1707
4691
4422
466
602
4281
7738
687
4649
766
3173
5027
3053
6728
9109
3824
1888
4455
2377
761
2587
2727
8391
991
1125
6891
